0.001400031382218
0.00141591660212725
0.00146350951399654
0.00154262222349644
0.00165294262114912
0.00179403531365097
0.00196534348651767
0.00216619088314474
0.00239578494802117
0.00265321973711252
0.00293747894465923
0.00324744125828147
0.00358188292011619
0.00393948424607515
0.00431883381679654
0.00471843453124166
0.00513670966029167
0.0055720079690218
0.00602261163294315
0.00648674322292209
0.00696256943047047
0.00744821364060044
0.00794175826013088
0.00844125729054213
0.00894473772495985
0.00945021212100983
0.00995568744838238
0.0104591669514775
0.0109586659818888
0.0114522110670805
0.0119378548115492
0.0124136814847589
0.0128778126090765
0.0133284162729979
0.013763714581728
0.0141819901764393
0.0145815908908844
0.0149609399959445
0.0153185408562422
0.0156529825180769
0.0159629452973604
0.0162472054362297
0.0165046378970146
0.0167342331260443
0.0169350802898407
0.0171063896268606
0.0172474812716246
0.0173578020185232
0.0174369141459465
0.0174845065921545
0.0724795013666153
0.0174845065921545
0.0174369141459465
0.0173578020185232
0.0172474812716246
0.0171063896268606
0.0169350802898407
0.0167342331260443
0.0165046378970146
0.0162472054362297
0.0159629452973604
0.0156529825180769
0.0153185408562422
0.0149609399959445
0.0145815908908844
0.0141819901764393
0.013763714581728
0.0133284162729979
0.0128778126090765
0.0124136814847589
0.0119378548115492
0.0114522110670805
0.0109586659818888
0.0104591669514775
0.00995568744838238
0.00945021212100983
0.00894473772495985
0.00844125729054213
0.00794175826013088
0.00744821364060044
0.00696256943047047
0.00648674322292209
0.00602261163294315
0.0055720079690218
0.00513670966029167
0.00471843453124166
0.00431883381679654
0.00393948424607515
0.00358188292011619
0.00324744125828147
0.00293747894465923
0.00265321973711252
0.00239578494802117
0.00216619088314474